00111100000000010001000000000001
00110100001100000000000000000000
00100000000100010000000000000000
00100000000100100000000000000110
00111100000000010001000000000001
10001100001100110000000000011100
00000010010100010100000000101010
00010101000000000000000000001110
00000010001100100100100000100000
00000000000010011010000001000010
00000000000101000101000010000000
00000001010100000101000000100000
10001101010101010000000000000000
00000010101100110101100000101010
00010101011000000000000000000011
00010010101100110000000000000100
00100010100100101111111111111111
00001000000100000000000000000110
00100010100100010000000000000001
00001000000100000000000000000110
00000010100000001011000000100000
00001000000100000000000000010111
00100000000101101111111111111111
00100100000000100000000000001010
00000000000000000000000000001100
