00111100000001000001000000000001
00110100100001000000000000000000
00111100000110010001000000000001
00110111001110010000000000010100
10001111001001010000000000000000
00100000000010000000000000000000
00100000101011111111111111111111
00000001000011111100000000101010
00010011000000000000000000010100
00100000000010010000000000000000
00000000101010000111000000100010
00100001110011101111111111111111
00000001001011101100000000101010
00010011000000000000000000001101
00000000000010010101000010000000
00000001010001000101000000100000
10001101010010110000000000000000
00100001001011000000000000000001
00000000000011000110000010000000
00000001100001000110000000100000
10001101100011010000000000000000
00000001101010111100000000101010
00010011000000000000000000000010
10101101010011010000000000000000
10101101100010110000000000000000
00100001001010010000000000000001
00001000000100000000000000001010
00100001000010000000000000000001
00001000000100000000000000000110
00100000000000100000000000001010
00000000000000000000000000001100
