00111100000001000001000000000001
00110100100001000000000000000000
00111100000110010001000000000001
00110111001110010000000000010100
10001111001001010000000000000000
00100000000010000000000000000000
00100000101011111111111111111111
00000001000011111100000000101010
00010011000000000000000000011010
00000001000000000100100000100000
00100001000010100000000000000001
00000001010001011100000000101010
00010011000000000000000000001011
00000000000010100101100010000000
00000001011001000101100000100000
10001101011011000000000000000000
00000000000010010110100010000000
00000001101001000110100000100000
10001101101011100000000000000000
00000001100011101100000000101010
00010011000000000000000000000001
00000001010000000100100000100000
00100001010010100000000000000001
00001000000100000000000000001011
00010001001010000000000000001000
00000000000010000101100010000000
00000001011001000101100000100000
10001101011011000000000000000000
00000000000010010110100010000000
00000001101001000110100000100000
10001101101011100000000000000000
10101101011011100000000000000000
10101101101011000000000000000000
00100001000010000000000000000001
00001000000100000000000000000110
00100000000000100000000000001010
00000000000000000000000000001100
